


         |  Response   | Total time  | Total time      | Total time      | Total time    | Penalty     
Job#     |    time     | on cpu      | in ready to run | in sleeping on  | in system     |  Ratio      
         |             |             | state           | I/O state       |               |             
=========+=============+=============+=================+=================+===============+=============
  127    |    0        |    2        |    0            |   0             |    2          | 1.00
  115    |    1        |    3        |    2            |   0             |    5          | 1.67
  102    |    1        |    1        |    1            |   0             |    2          | 2.00
  120    |    2        |   11        |  658            |   1             |  670          |60.91
  163    |    2        |    4        |  322            |   0             |  326          |81.50
  158    |    2        |    1        |    2            |   0             |    3          | 3.00
  165    |    2        |   12        |  640            |  13             |  665          |55.42
  159    |    1        |   14        |  646            |  10             |  670          |47.86
  107    |    2        |    3        |    5            |   0             |    8          | 2.67
  162    |    1        |    9        |  314            |   6             |  329          |36.56
  171    |    2        |    5        |  327            |   0             |  332          |66.40
  130    |    2        |   14        |  714            |   3             |  731          |52.21
  167    |    2        |    5        |   30            |   3             |   38          | 7.60
  122    |    2        |    2        |   14            |   0             |   16          | 8.00
  199    |    1        |   10        |  636            |   0             |  646          |64.60
  188    |    1        |   10        |  333            |   5             |  348          |34.80
  190    |    2        |   10        |  638            |   0             |  648          |64.80
  149    |    1        |   13        |  637            |  10             |  660          |50.77
  161    |    2        |    5        |  336            |   0             |  341          |68.20
  177    |    3        |   11        |  635            |   5             |  651          |59.18
  170    |    4        |    4        |  337            |   0             |  341          |85.25
  134    |    3        |   10        |  364            |  10             |  384          |38.40
  150    |    1        |    7        |  332            |   4             |  343          |49.00
  147    |    2        |    7        |  324            |   0             |  331          |47.29
  151    |    3        |    1        |    3            |   0             |    4          | 4.00
  113    |    2        |   12        |  553            |   3             |  568          |47.33
  124    |    2        |   10        |  333            |   5             |  348          |34.80
  139    |    2        |    6        |  329            |   0             |  335          |55.83
  195    |    2        |    5        |  328            |   1             |  334          |66.80
  101    |    2        |    5        |  327            |   0             |  332          |66.40
  126    |    1        |   15        |  639            |  18             |  672          |44.80
  132    |    2        |    5        |  326            |   0             |  331          |66.20
  196    |    3        |    5        |  328            |   0             |  333          |66.60
  186    |    2        |    8        |  331            |   3             |  342          |42.75
  145    |    1        |    9        |  582            |   0             |  591          |65.67
  152    |    1        |    7        |  324            |   6             |  337          |48.14
  164    |    1        |    6        |  337            |   1             |  344          |57.33
  194    |    2        |    9        |  339            |   6             |  354          |39.33
  185    |    1        |    6        |  319            |   7             |  332          |55.33
  143    |    2        |   13        |  628            |   3             |  644          |49.54
  104    |    2        |   12        |  568            |   1             |  581          |48.42
  155    |    1        |    9        |  511            |   3             |  523          |58.11
  189    |    2        |    4        |  323            |   0             |  327          |81.75
  118    |    2        |    1        |    2            |   0             |    3          | 3.00
  184    |    2        |    6        |  330            |   4             |  340          |56.67
  119    |    1        |   11        |  548            |   0             |  559          |50.82
  129    |    1        |   13        |  483            |  14             |  510          |39.23
  180    |    2        |   12        |  552            |   0             |  564          |47.00
  125    |    2        |    1        |    2            |   0             |    3          | 3.00
  187    |    1        |    8        |  554            |   0             |  562          |70.25
  140    |    1        |   11        |  479            |  10             |  500          |45.45
  103    |    1        |    9        |  341            |   2             |  352          |39.11
  148    |    1        |    9        |  552            |   0             |  561          |62.33
  144    |    2        |   13        |  552            |   0             |  565          |43.46
  116    |    1        |    3        |   24            |   0             |   27          | 9.00
  137    |    1        |    9        |  325            |   4             |  338          |37.56
  153    |    2        |    1        |    2            |   0             |    3          | 3.00
  191    |    2        |    7        |  314            |   7             |  328          |46.86
  169    |    1        |   11        |  459            |   7             |  477          |43.36
  176    |    2        |   12        |  511            |   6             |  529          |44.08
  193    |    1        |   12        |  442            |   3             |  457          |38.08
  197    |    2        |    4        |  307            |   0             |  311          |77.75
  156    |    2        |    1        |    2            |   0             |    3          | 3.00
  123    |    1        |    7        |  306            |   6             |  319          |45.57
  175    |    2        |    7        |  301            |   0             |  308          |44.00
  182    |    1        |   11        |  496            |   1             |  508          |46.18
  111    |    2        |    1        |    2            |   0             |    3          | 3.00
  141    |    1        |    9        |  494            |   1             |  504          |56.00
  146    |    2        |    5        |   31            |   3             |   39          | 7.80
  112    |    1        |   15        |  407            |  11             |  433          |28.87
  114    |    2        |    9        |  311            |   1             |  321          |35.67
  192    |    3        |   12        |  490            |   0             |  502          |41.83
  178    |    1        |   12        |  485            |   0             |  497          |41.42
  131    |    1        |    3        |   16            |   0             |   19          | 6.33
  136    |    2        |    3        |   21            |   0             |   24          | 8.00
  154    |    3        |   11        |  488            |   6             |  505          |45.91
  172    |    2        |    1        |    2            |   0             |    3          | 3.00
  166    |    1        |   11        |  483            |   2             |  496          |45.09
  108    |    2        |   11        |  475            |   2             |  488          |44.36
  160    |    3        |   14        |  393            |   7             |  414          |29.57
  106    |    2        |   10        |  317            |   7             |  334          |33.40
  110    |    3        |    2        |    4            |   4             |   10          | 5.00
  121    |    3        |   13        |  390            |   2             |  405          |31.15
  133    |    2        |    9        |  315            |   4             |  328          |36.44
  105    |    1        |    2        |    1            |   1             |    4          | 2.00
  181    |    4        |   13        |  440            |   1             |  454          |34.92
  135    |    2        |    2        |    3            |   0             |    5          | 2.50
  157    |    1        |    7        |  292            |   5             |  304          |43.43
  183    |    2        |    7        |  296            |   3             |  306          |43.71
  109    |    2        |   12        |  340            |  13             |  365          |30.42
  174    |    1        |    5        |  280            |   0             |  285          |57.00
  198    |    2        |    7        |  282            |   0             |  289          |41.29
  117    |    2        |   12        |  336            |   8             |  356          |29.67
  128    |    2        |   13        |  426            |   1             |  440          |33.85
  179    |    2        |   10        |  416            |   5             |  431          |43.10
  173    |    1        |    6        |  288            |   0             |  294          |49.00
  138    |    1        |    8        |  284            |   3             |  295          |36.88
  142    |    1        |    4        |  286            |   0             |  290          |72.50
  100    |    2        |    1        |    2            |   0             |    3          | 3.00
  168    |    3        |    1        |    3            |   0             |    4          | 4.00


  Non-aggressive Preemptive Multilevel Feedback
         Total simulation time:     760
          Total number of jobs:     100
 Shortest job turn-around time:       2
  Longest job turn-around time:     731
    Number of context switches:     441
         Average response time:    1.75
         Average penalty ratio:   39.17
       Average completion time:  336.99
   Average time in ready queue:  326.58
  Average time sleeping on I/O:    2.81

