


         |  Response   | Total time  | Total time      | Total time      | Total time    | Penalty     
Job#     |    time     | on cpu      | in ready to run | in sleeping on  | in system     |  Ratio      
         |             |             | state           | I/O state       |               |             
=========+=============+=============+=================+=================+===============+=============
  127    |    0        |    2        |    0            |   0             |    2          | 1.00
  115    |    1        |    3        |    3            |   0             |    6          | 2.00
  102    |    1        |    1        |    1            |   0             |    2          | 2.00
  120    |    1        |   11        |   91            |   0             |  102          | 9.27
  163    |    1        |    4        |   11            |   0             |   15          | 3.75
  158    |    2        |    1        |    2            |   0             |    3          | 3.00
  165    |    1        |   12        |  644            |   1             |  657          |54.75
  159    |    1        |   14        |  684            |   6             |  704          |50.29
  107    |    1        |    3        |   24            |  13             |   40          |13.33
  162    |    1        |    9        |   84            |   1             |   94          |10.44
  171    |    1        |    5        |   58            |   3             |   66          |13.20
  130    |    1        |   14        |  631            |   8             |  653          |46.64
  167    |    2        |    5        |  457            |   0             |  462          |92.40
  122    |    2        |    2        |   26            |   0             |   28          |14.00
  199    |    1        |   10        |  668            |   0             |  678          |67.80
  188    |    2        |   10        |  242            |   0             |  252          |25.20
  190    |    3        |   10        |  629            |   1             |  640          |64.00
  149    |    1        |   13        |  303            |  24             |  340          |26.15
  161    |    1        |    5        |   79            |   0             |   84          |16.80
  177    |    2        |   11        |  281            |   2             |  294          |26.73
  170    |    3        |    4        |  104            |   6             |  114          |28.50
  134    |    2        |   10        |  452            |   0             |  462          |46.20
  150    |    1        |    7        |  201            |   1             |  209          |29.86
  147    |    1        |    7        |  602            |   3             |  612          |87.43
  151    |    2        |    1        |    2            |   0             |    3          | 3.00
  113    |    2        |   12        |  532            |   7             |  551          |45.92
  124    |    1        |   10        |  644            |   0             |  654          |65.40
  139    |    3        |    6        |  131            |   4             |  141          |23.50
  195    |    1        |    5        |  121            |   1             |  127          |25.40
  101    |    1        |    5        |  130            |   0             |  135          |27.00
  126    |    1        |   15        |  619            |   6             |  640          |42.67
  132    |    2        |    5        |  139            |   0             |  144          |28.80
  196    |    3        |    5        |  160            |   0             |  165          |33.00
  186    |    2        |    8        |  278            |   4             |  290          |36.25
  145    |    1        |    9        |  608            |   0             |  617          |68.56
  152    |    2        |    7        |  429            |   0             |  436          |62.29
  164    |    1        |    6        |  409            |  10             |  425          |70.83
  194    |    1        |    9        |  264            |   3             |  276          |30.67
  185    |    1        |    6        |  401            |   0             |  407          |67.83
  143    |    1        |   13        |  609            |   0             |  622          |47.85
  104    |    2        |   12        |  322            |  14             |  348          |29.00
  155    |    1        |    9        |  265            |   5             |  279          |31.00
  189    |    2        |    4        |  392            |   0             |  396          |99.00
  118    |    1        |    1        |    1            |   0             |    2          | 2.00
  184    |    1        |    6        |  180            |   1             |  187          |31.17
  119    |    1        |   11        |  540            |   1             |  552          |50.18
  129    |    1        |   13        |  558            |   1             |  572          |44.00
  180    |    1        |   12        |  527            |   0             |  539          |44.92
  125    |    2        |    1        |    2            |   0             |    3          | 3.00
  187    |    1        |    8        |  571            |   0             |  579          |72.38
  140    |    1        |   11        |  408            |   3             |  422          |38.36
  103    |    1        |    9        |  416            |   2             |  427          |47.44
  148    |    1        |    9        |  476            |   5             |  490          |54.44
  144    |    1        |   13        |  525            |   2             |  540          |41.54
  116    |    1        |    3        |  102            |   0             |  105          |35.00
  137    |    2        |    9        |  366            |   2             |  377          |41.89
  153    |    1        |    1        |    1            |   0             |    2          | 2.00
  191    |    1        |    7        |  360            |   3             |  370          |52.86
  169    |    1        |   11        |  550            |   0             |  561          |51.00
  176    |    1        |   12        |  439            |   9             |  460          |38.33
  193    |    1        |   12        |  447            |  13             |  472          |39.33
  197    |    2        |    4        |  189            |   0             |  193          |48.25
  156    |    1        |    1        |    1            |   0             |    2          | 2.00
  123    |    1        |    7        |  245            |   0             |  252          |36.00
  175    |    2        |    7        |  470            |   2             |  479          |68.43
  182    |    1        |   11        |  437            |   6             |  454          |41.27
  111    |    1        |    1        |    1            |   0             |    2          | 2.00
  141    |    1        |    9        |  455            |   5             |  469          |52.11
  146    |    1        |    5        |  329            |   0             |  334          |66.80
  112    |    1        |   15        |  503            |  12             |  530          |35.33
  114    |    1        |    9        |  429            |   0             |  438          |48.67
  192    |    2        |   12        |  332            |   7             |  351          |29.25
  178    |    1        |   12        |  399            |  16             |  427          |35.58
  131    |    1        |    3        |  110            |   0             |  113          |37.67
  136    |    1        |    3        |  111            |   0             |  114          |38.00
  154    |    2        |   11        |  441            |   9             |  461          |41.91
  172    |    2        |    1        |    2            |   0             |    3          | 3.00
  166    |    1        |   11        |  437            |   4             |  452          |41.09
  108    |    1        |   11        |  490            |   5             |  506          |46.00
  160    |    2        |   14        |  495            |   0             |  509          |36.36
  106    |    1        |   10        |  467            |   0             |  477          |47.70
  110    |    2        |    2        |  116            |   0             |  118          |59.00
  121    |    2        |   13        |  465            |   4             |  482          |37.08
  133    |    1        |    9        |  467            |  15             |  491          |54.56
  105    |    2        |    2        |    2            |   1             |    5          | 2.50
  181    |    1        |   13        |  443            |   0             |  456          |35.08
  135    |    2        |    2        |   96            |   0             |   98          |49.00
  157    |    1        |    7        |  310            |   8             |  325          |46.43
  183    |    2        |    7        |  345            |   3             |  355          |50.71
  109    |    2        |   12        |  437            |   3             |  452          |37.67
  174    |    1        |    5        |  143            |   0             |  148          |29.60
  198    |    2        |    7        |  142            |  23             |  172          |24.57
  117    |    1        |   12        |  334            |  17             |  363          |30.25
  128    |    1        |   13        |  435            |   0             |  448          |34.46
  179    |    1        |   10        |  325            |   1             |  336          |33.60
  173    |    1        |    6        |  291            |   7             |  304          |50.67
  138    |    1        |    8        |  406            |   0             |  414          |51.75
  142    |    1        |    4        |   89            |   2             |   95          |23.75
  100    |    2        |    1        |    2            |   0             |    3          | 3.00
  168    |    3        |    1        |    3            |   0             |    4          | 4.00


  Aggressive Preemptive Multilevel Feedback
         Total simulation time:     760
          Total number of jobs:     100
 Shortest job turn-around time:       2
  Longest job turn-around time:     704
    Number of context switches:     523
         Average response time:    1.38
         Average penalty ratio:   36.78
       Average completion time:  314.70
   Average time in ready queue:  303.95
  Average time sleeping on I/O:    3.15

